1000 1.606 4.378
2000 2.686 8.024
3000 3.334 10.314
4000 4.300 13.568
5000 5.166 16.968
6000 6.172 20.354
7000 7.326 24.964
8000 8.110 28.038
9000 9.118 31.246
10000 9.994 34.642
11000 11.360 39.780
12000 12.046 42.532
13000 12.776 44.722
14000 13.716 47.770
15000 14.662 52.448
16000 15.526 54.394
17000 16.600 58.046
18000 17.392 61.196
19000 18.498 64.738
20000 19.268 68.016
21000 20.372 71.144
22000 21.096 75.098
23000 22.090 78.104
24000 23.250 80.812
25000 24.404 85.992
26000 25.186 89.728
27000 26.004 92.408
28000 27.002 95.992
29000 27.932 99.458
30000 28.840 102.264
31000 29.896 105.660
32000 30.936 108.360
33000 31.626 111.804
34000 32.660 114.964
35000 33.742 118.504
36000 34.680 121.636
37000 35.376 125.138
38000 36.484 128.992
39000 37.368 131.644
40000 38.290 136.262
