101 2.97 1.89 1.90
111 3.94 2.50 2.51
121 5.10 3.23 3.24
131 6.45 4.09 4.10
141 8.09 5.11 5.13
151 9.94 6.33 6.33
161 12.14 7.66 7.68
171 14.45 10.32 10.36
181 17.15 11.07 11.10
191 20.08 12.91 12.93
201 23.50 15.55 15.35
211 27.18 17.80 17.84
221 31.41 20.03 19.93
231 36.24 22.58 22.65
241 41.04 25.97 25.99
251 45.93 30.17 30.17
261 52.09 33.26 33.28
271 58.70 37.02 37.04
281 65.74 40.94 40.96
291 73.18 45.09 45.13
301 80.78 51.27 51.50
311 90.11 56.99 57.00
321 100.24 63.97 64.09
331 109.53 70.64 70.55
341 117.81 79.33 79.35
351 129.05 79.43 79.50
361 140.94 87.74 87.62
371 153.18 96.03 96.39
381 165.31 101.90 102.02
391 175.56 115.94 116.15
401 190.88 123.81 123.82
