100 2.93 1.85 1.85
110 3.93 2.49 2.49
120 4.97 3.12 3.14
130 6.30 3.97 3.98
140 7.95 5.02 5.04
150 9.72 6.19 6.19
160 12.17 8.02 8.02
170 14.21 9.17 9.15
180 17.05 10.87 10.93
190 19.87 12.58 12.58
200 23.28 15.03 15.02
210 26.86 17.01 17.01
220 30.98 19.81 19.78
230 35.53 22.61 22.66
240 40.15 25.81 25.77
250 45.79 28.64 28.64
260 51.43 32.37 32.38
270 57.90 36.20 36.16
280 64.11 40.43 40.42
290 71.77 45.03 45.04
300 78.25 51.60 51.73
310 87.81 54.79 54.78
320 96.52 66.32 66.43
330 105.15 65.06 65.11
340 115.30 72.79 72.91
350 126.99 78.67 78.60
360 136.21 86.17 86.35
370 149.56 93.61 93.66
380 160.85 103.75 104.04
390 174.90 109.09 109.37
400 187.34 119.06 119.25
